cx: 259.00000000
cy: 161.00000000
fx: 276.10668945
fy: 276.29772949
